-1.850000000000000000e+01 9.615819180538645039e-01 6.595186666683783283e-01 1.401991834134211024e+00
-1.900000000000000000e+01 1.160364781819114066e+00 8.956669679965646447e-01 1.503289140938024016e+00
-1.950000000000000000e+01 1.372346864419976331e+00 1.279073528997241471e+00 1.472421931645965909e+00
-2.000000000000000000e+01 1.664387070182900441e+00 1.594753962013739201e+00 1.737060628395637796e+00
-2.050000000000000000e+01 2.198687580941113495e+00 2.176690147343523840e+00 2.220907318611458514e+00
-2.100000000000000000e+01 2.853838217762842522e+00 2.825286131855925920e+00 2.882678848465432875e+00
-2.150000000000000000e+01 3.769975602322336083e+00 3.741640758149879176e+00 3.798525021716246286e+00
-2.200000000000000000e+01 4.881057299086124956e+00 4.832223287945387469e+00 4.930384822323052418e+00
-2.250000000000000000e+01 6.529527206848187326e+00 6.464219453974354046e+00 6.595494761360222391e+00
-2.300000000000000000e+01 8.800852646871204499e+00 8.734731623198348061e+00 8.867474199920364342e+00
-2.350000000000000000e+01 1.153874978172559018e+01 1.145209230490044305e+01 1.162606299185167202e+01
