-1.625000000000000000e+01 8.317531831814646281e-01 7.850272426311643015e-01 8.812603183218944425e-01
-1.675000000000000000e+01 1.123897428314135416e+00 1.060756413126133113e+00 1.190796882055643158e+00
-1.725000000000000000e+01 1.342669997471006349e+00 1.289738419216808651e+00 1.397773916980403541e+00
-1.775000000000000000e+01 1.640716854322961549e+00 1.591962758017063440e+00 1.690964052081537883e+00
-1.825000000000000000e+01 1.808577599125817503e+00 1.768119425830152691e+00 1.849961537820872026e+00
-1.875000000000000000e+01 2.034110207525964942e+00 2.013759337939900806e+00 2.054666741157928467e+00
-1.925000000000000000e+01 2.236602444073712004e+00 2.192072790585191555e+00 2.282036670644076892e+00
-1.975000000000000000e+01 2.509209567969401533e+00 2.496625942404429921e+00 2.521856618186689047e+00
-2.025000000000000000e+01 2.901228976479776289e+00 2.872211141187256622e+00 2.930539977811863928e+00
-2.075000000000000000e+01 3.354514039508392997e+00 3.320952791209222266e+00 3.388414454744949733e+00
-2.125000000000000000e+01 4.088871937294200620e+00 4.037812394873372845e+00 4.140577145391703517e+00
-2.175000000000000000e+01 4.996522686380825640e+00 4.983963667257715002e+00 5.009113352797509577e+00
-2.225000000000000000e+01 6.229702541729531085e+00 6.214062003730417949e+00 6.245382446318285652e+00
-2.275000000000000000e+01 7.728310617232334145e+00 7.631781521196325357e+00 7.826060642661518685e+00
-2.325000000000000000e+01 9.955778170247587155e+00 9.757563528524208607e+00 1.015801933396886625e+01
-2.375000000000000000e+01 1.355451145882981834e+01 1.325129484605938757e+01 1.386466628521092304e+01
