Arrays for literature models and the specific values used as featured in Davidson et al. (2025). Please see the paper for more information. 
 
Variables: 
smhm: Ratio of galaxy and halo mass, unitless 
halo_bins: Bins in halo mass used to average the Davidson et al. (2025) model, units of solar mass
halo_mids: Halo mass used to plot the smhm values, units of solar mass
error: Error for each smhm value, used in calculation of chi^2 
 
### Model values (ratios and masses in log_10) 
 
# Moster et al. (2010) Central 
smhm = [-2.57004016 -2.42705081 -2.28589751 -2.14773997 -2.01439977 -1.88862798
 -1.77432421 -1.67648241 -1.60053465 -1.55094212 -1.52953496 -1.53470726
 -1.56212721 -1.60637663 -1.66240233 -1.72622366 -1.79501688 -1.86690587
 -1.94069371 -2.01563547 -2.09127455 -2.16733355 -2.24364493 -2.32010779]
halo_bins = [[10.568965517241379, 10.706896551724139], [10.706896551724139, 10.844827586206897], [10.844827586206897, 10.982758620689655], [10.982758620689655, 11.120689655172413], [11.120689655172413, 11.258620689655173], [11.258620689655173, 11.39655172413793], [11.39655172413793, 11.53448275862069], [11.53448275862069, 11.672413793103448], [11.672413793103448, 11.810344827586206], [11.810344827586206, 11.948275862068966], [11.948275862068966, 12.086206896551724], [12.086206896551724, 12.224137931034482], [12.224137931034482, 12.362068965517242], [12.362068965517242, 12.5], [12.5, 12.637931034482758], [12.637931034482758, 12.775862068965518], [12.775862068965518, 12.913793103448276], [12.913793103448276, 13.051724137931034], [13.051724137931034, 13.189655172413794], [13.189655172413794, 13.327586206896552], [13.327586206896552, 13.46551724137931], [13.46551724137931, 13.60344827586207], [13.60344827586207, 13.741379310344827], [13.741379310344827, 13.879310344827585]]
halo_mids = [10.63793103 10.77586207 10.9137931  11.05172414 11.18965517 11.32758621
 11.46551724 11.60344828 11.74137931 11.87931034 12.01724138 12.15517241
 12.29310345 12.43103448 12.56896552 12.70689655 12.84482759 12.98275862
 13.12068966 13.25862069 13.39655172 13.53448276 13.67241379 13.81034483]
error = [0.15672331 0.14696246 0.13516398 0.11777702 0.10907865 0.0911158
 0.07569422 0.06522406 0.05195222 0.04356688 0.04001839 0.03944438
 0.04274867 0.044372   0.0460492  0.04942211 0.05153041 0.05513094
 0.05910394 0.06061898 0.06253746 0.06479315 0.06646424 0.06818571]

# Moster et al. (2010) Satellite 
smhm = [-2.75856607 -2.65145891 -2.54479023 -2.43882704 -2.33399508 -2.23096701
 -2.13079049 -2.03506001 -1.94611533 -1.86719836 -1.80241684 -1.75629629
 -1.73279702 -1.73405907 -1.75957841 -1.80640987]
halo_bins = [[10.21896551724138, 10.381034482758622], [10.381034482758622, 10.543103448275861], [10.543103448275861, 10.705172413793104], [10.705172413793104, 10.867241379310347], [10.867241379310347, 11.029310344827586], [11.029310344827586, 11.191379310344828], [11.191379310344828, 11.35344827586207], [11.35344827586207, 11.51551724137931], [11.51551724137931, 11.677586206896553], [11.677586206896553, 11.839655172413792], [11.839655172413792, 12.001724137931035], [12.001724137931035, 12.163793103448278], [12.163793103448278, 12.325862068965517], [12.325862068965517, 12.48793103448276], [12.48793103448276, 12.649999999999999], [12.649999999999999, 12.812068965517241]]
halo_mids = [10.3        10.46206897 10.62413793 10.7862069  10.94827586 11.11034483
 11.27241379 11.43448276 11.59655172 11.75862069 11.92068966 12.08275862
 12.24482759 12.40689655 12.56896552 12.73103448]
error = [0.17291564 0.17291564 0.15837369 0.14629925 0.13179159 0.11399535
 0.09797352 0.07784644 0.06580277 0.05086428 0.04319014 0.0384812
 0.0423966  0.04385776 0.0460492  0.04961714]

# Moster et al. (2013) Central 
smhm = [-2.28432357 -2.10346477 -1.92996775 -1.76921583 -1.62920783 -1.51981875
 -1.44973361 -1.42202404 -1.43223424 -1.4710998  -1.52895089 -1.59829823
 -1.67422813 -1.75380621 -1.83536956 -1.9180025  -2.0012086  -2.08472094
 -2.16839666 -2.25215945]
halo_bins = [[10.548275862068966, 10.713793103448277], [10.713793103448277, 10.879310344827587], [10.879310344827587, 11.044827586206896], [11.044827586206896, 11.210344827586209], [11.210344827586209, 11.375862068965517], [11.375862068965517, 11.541379310344828], [11.541379310344828, 11.706896551724139], [11.706896551724139, 11.872413793103448], [11.872413793103448, 12.03793103448276], [12.03793103448276, 12.203448275862069], [12.203448275862069, 12.36896551724138], [12.36896551724138, 12.53448275862069], [12.53448275862069, 12.7], [12.7, 12.865517241379312], [12.865517241379312, 13.03103448275862], [13.03103448275862, 13.196551724137931], [13.196551724137931, 13.362068965517242], [13.362068965517242, 13.527586206896551], [13.527586206896551, 13.693103448275863], [13.693103448275863, 13.858620689655172]]
halo_mids = [10.63103448 10.79655172 10.96206897 11.12758621 11.29310345 11.45862069
 11.62413793 11.78965517 11.95517241 12.12068966 12.2862069  12.45172414
 12.61724138 12.78275862 12.94827586 13.1137931  13.27931034 13.44482759
 13.61034483 13.77586207]
error = [0.23522954 0.33757769 0.3419407  0.32097663 0.2984984  0.27033753
 0.24000522 0.21196993 0.19068384 0.17968647 0.18283211 0.18886339
 0.19534785 0.20429844 0.21042223 0.22251548 0.22256098 0.22256098
 0.22256098 0.22256098]

# Moster et al. (2013) Satellite 
smhm = [-2.65647959 -2.4692828  -2.28432357 -2.10346477 -1.92996775 -1.76921583
 -1.62920783 -1.51981875 -1.44973361 -1.42202404 -1.43223424 -1.4710998
 -1.52895089 -1.59829823 -1.67422813 -1.75380621]
halo_bins = [[10.217241379310344, 10.382758620689657], [10.382758620689657, 10.548275862068966], [10.548275862068966, 10.713793103448277], [10.713793103448277, 10.879310344827587], [10.879310344827587, 11.044827586206896], [11.044827586206896, 11.210344827586209], [11.210344827586209, 11.375862068965517], [11.375862068965517, 11.541379310344828], [11.541379310344828, 11.706896551724139], [11.706896551724139, 11.872413793103448], [11.872413793103448, 12.03793103448276], [12.03793103448276, 12.203448275862069], [12.203448275862069, 12.36896551724138], [12.36896551724138, 12.53448275862069], [12.53448275862069, 12.7], [12.7, 12.865517241379312]]
halo_mids = [10.3        10.46551724 10.63103448 10.79655172 10.96206897 11.12758621
 11.29310345 11.45862069 11.62413793 11.78965517 11.95517241 12.12068966
 12.2862069  12.45172414 12.61724138 12.78275862]
error = [0.07317073 0.13284553 0.23522954 0.33757769 0.3419407  0.32097663
 0.2984984  0.27033753 0.24000522 0.21196993 0.19068384 0.17968647
 0.18283211 0.18886339 0.19534785 0.20429844]

# Behroozi et al. (2010) Central 
smhm = [-2.485207   -2.42245351 -2.35970378 -2.29696055 -2.23422859 -2.17151614
 -2.10883743 -2.04621709 -1.98369758 -1.921352   -1.85930582 -1.79777336
 -1.7371182  -1.67795071 -1.62127997 -1.56873684 -1.5228708  -1.48747894
 -1.4678339  -1.47055649 -1.50283566 -1.5709424  -1.67858543 -1.82616384
 -2.01162857 -2.23252182 -2.48798535 -2.77985791]
halo_bins = [[10.760549266211303, 10.809864741175637], [10.809864741175637, 10.859182094594342], [10.859182094594342, 10.908504579865326], [10.908504579865326, 10.957835952177302], [10.957835952177302, 11.007182710617883], [11.007182710617883, 11.056556096892267], [11.056556096892267, 11.105975540071805], [11.105975540071805, 11.155474577917708], [11.155474577917708, 11.205110995132], [11.205110995132, 11.254984078852235], [11.254984078852235, 11.305263726230866], [11.305263726230866, 11.356238885039033], [11.356238885039033, 11.408396525726285], [11.408396525726285, 11.46254637679387], [11.46254637679387, 11.520008406631039], [11.520008406631039, 11.582872787487615], [11.582872787487615, 11.654312800567126], [11.654312800567126, 11.738863312360706], [11.738863312360706, 11.84247105576249], [11.84247105576249, 11.972040900800486], [11.972040900800486, 12.134302819418874], [12.134302819418874, 12.334246669804703], [12.334246669804703, 12.573926359239696], [12.573926359239696, 12.852516895488126], [12.852516895488126, 13.167764846844236], [13.167764846844236, 13.518012204371459], [13.518012204371459, 13.90374921580872], [13.90374921580872, 14.32823756018442]]
halo_mids = [10.785207   10.83452248 10.88384171 10.93316745 10.98250446 11.03186097
 11.08125123 11.13069985 11.1802493  11.22997269 11.27999547 11.33053198
 11.38194579 11.43484726 11.49024549 11.54977132 11.61597425 11.69265135
 11.78507528 11.89986684 12.04421497 12.22439067 12.44410267 12.70375005
 13.00128374 13.33424595 13.70177845 14.10571998]
error = [0.24022346 0.24022346 0.24022346 0.24022346 0.24022346 0.24022346
 0.24110716 0.24345663 0.24266    0.24186056 0.24105631 0.24024381
 0.24082122 0.24145178 0.24211211 0.24282163 0.24117727 0.24117727
 0.24117727 0.2406515  0.24253213 0.24301676 0.24246406 0.24024221
 0.23959823 0.24022346 0.24167363 0.24070613]

# Behroozi et al. (2010) Satellite 
smhm = [-2.485207   -2.42245351 -2.35970378 -2.29696055 -2.23422859 -2.17151614
 -2.10883743 -2.04621709 -1.98369758 -1.921352   -1.85930582 -1.79777336
 -1.7371182  -1.67795071 -1.62127997 -1.56873684 -1.5228708  -1.48747894
 -1.4678339  -1.47055649 -1.50283566 -1.5709424  -1.67858543 -1.82616384]
halo_bins = [[10.760549266211303, 10.809864741175637], [10.809864741175637, 10.859182094594342], [10.859182094594342, 10.908504579865326], [10.908504579865326, 10.957835952177302], [10.957835952177302, 11.007182710617883], [11.007182710617883, 11.056556096892267], [11.056556096892267, 11.105975540071805], [11.105975540071805, 11.155474577917708], [11.155474577917708, 11.205110995132], [11.205110995132, 11.254984078852235], [11.254984078852235, 11.305263726230866], [11.305263726230866, 11.356238885039033], [11.356238885039033, 11.408396525726285], [11.408396525726285, 11.46254637679387], [11.46254637679387, 11.520008406631039], [11.520008406631039, 11.582872787487615], [11.582872787487615, 11.654312800567126], [11.654312800567126, 11.738863312360706], [11.738863312360706, 11.84247105576249], [11.84247105576249, 11.972040900800486], [11.972040900800486, 12.134302819418874], [12.134302819418874, 12.334246669804703], [12.334246669804703, 12.573926359239696], [12.573926359239696, 12.852516895488126]]
halo_mids = [10.785207   10.83452248 10.88384171 10.93316745 10.98250446 11.03186097
 11.08125123 11.13069985 11.1802493  11.22997269 11.27999547 11.33053198
 11.38194579 11.43484726 11.49024549 11.54977132 11.61597425 11.69265135
 11.78507528 11.89986684 12.04421497 12.22439067 12.44410267 12.70375005]
error = [0.24022346 0.24022346 0.24022346 0.24022346 0.24022346 0.24022346
 0.24110716 0.24345663 0.24266    0.24186056 0.24105631 0.24024381
 0.24082122 0.24145178 0.24211211 0.24282163 0.24117727 0.24117727
 0.24117727 0.2406515  0.24253213 0.24301676 0.24246406 0.24024221]

# Behroozi et al. (2013) 
smhm = [-2.48751602 -2.41660749 -2.30213401 -2.1246685  -1.91944642 -1.74299858
 -1.62731965 -1.57598542 -1.57845192 -1.62107266 -1.69200217 -1.78240931
 -1.88616788 -1.9991694  -2.11869479 -2.24294762 -2.37073493 -2.5012567
 -2.63396911]
halo_bins = [[10.60344827586207, 10.775862068965518], [10.775862068965518, 10.948275862068966], [10.948275862068966, 11.120689655172415], [11.120689655172415, 11.293103448275863], [11.293103448275863, 11.465517241379311], [11.465517241379311, 11.637931034482758], [11.637931034482758, 11.810344827586206], [11.810344827586206, 11.982758620689655], [11.982758620689655, 12.155172413793103], [12.155172413793103, 12.327586206896552], [12.327586206896552, 12.5], [12.5, 12.672413793103448], [12.672413793103448, 12.844827586206897], [12.844827586206897, 13.017241379310345], [13.017241379310345, 13.189655172413794], [13.189655172413794, 13.362068965517242], [13.362068965517242, 13.53448275862069], [13.53448275862069, 13.706896551724139], [13.706896551724139, 13.879310344827585]]
halo_mids = [10.68965517 10.86206897 11.03448276 11.20689655 11.37931034 11.55172414
 11.72413793 11.89655172 12.06896552 12.24137931 12.4137931  12.5862069
 12.75862069 12.93103448 13.10344828 13.27586207 13.44827586 13.62068966
 13.79310345]
error = [0.14718669 0.14457671 0.14155105 0.13658943 0.13335122 0.13292164
 0.13375841 0.13508384 0.1328937  0.13070356 0.13165321 0.13275358
 0.13259402 0.13170842 0.13219501 0.13429368 0.13531976 0.13423426
 0.13401214]

# Rodríguez-Puebla et al. (2015) Red 
smhm = [-2.99736031 -2.53354078 -2.13795798 -1.8509961  -1.6693305  -1.56631564
 -1.51615562 -1.50136918 -1.51113442 -1.53863006 -1.57933449 -1.63010548
 -1.68868395 -1.75341011 -1.8230479  -1.89666877 -1.97357062 -2.05321954
 -2.13520696 -2.21921798 -2.30500774]
halo_bins = [[11.032758620689656, 11.167241379310344], [11.167241379310344, 11.301724137931036], [11.301724137931036, 11.436206896551724], [11.436206896551724, 11.570689655172412], [11.570689655172412, 11.705172413793104], [11.705172413793104, 11.839655172413792], [11.839655172413792, 11.974137931034484], [11.974137931034484, 12.108620689655172], [12.108620689655172, 12.24310344827586], [12.24310344827586, 12.377586206896552], [12.377586206896552, 12.51206896551724], [12.51206896551724, 12.64655172413793], [12.64655172413793, 12.78103448275862], [12.78103448275862, 12.915517241379309], [12.915517241379309, 13.05], [13.05, 13.184482758620689], [13.184482758620689, 13.318965517241379], [13.318965517241379, 13.453448275862069], [13.453448275862069, 13.587931034482757], [13.587931034482757, 13.722413793103449], [13.722413793103449, 13.856896551724137]]
halo_mids = [11.1        11.23448276 11.36896552 11.50344828 11.63793103 11.77241379
 11.90689655 12.04137931 12.17586207 12.31034483 12.44482759 12.57931034
 12.7137931  12.84827586 12.98275862 13.11724138 13.25172414 13.3862069
 13.52068966 13.65517241 13.78965517]
error = [0.12912088 0.13120149 0.14406974 0.14594754 0.14282864 0.13777258
 0.13549995 0.13707432 0.1393947  0.13712814 0.13830438 0.13747584
 0.13757254 0.1398297  0.14009933 0.13615089 0.13401917 0.13851688
 0.13442656 0.13342085 0.13678363]

# Rodríguez-Puebla et al. (2015) Blue 
smhm = [-2.21891921 -2.06184743 -1.87505554 -1.68903858 -1.53029606 -1.41215075
 -1.33641199]
halo_bins = [[11.032758620689656, 11.167241379310344], [11.167241379310344, 11.301724137931036], [11.301724137931036, 11.436206896551724], [11.436206896551724, 11.570689655172412], [11.570689655172412, 11.705172413793104], [11.705172413793104, 11.839655172413792], [11.839655172413792, 11.974137931034484]]
halo_mids = [11.1        11.23448276 11.36896552 11.50344828 11.63793103 11.77241379
 11.90689655]
error = [0.11538462 0.11993201 0.12175015 0.11608564 0.11823144 0.11533601
 0.11682322 0.11987174 0.11906686 0.11969658 0.11614356 0.12088651]

# Birrer et al. (2014) Central 
smhm = [-3.09976892 -3.00600462 -2.78189533 -2.50945864 -2.12898722 -1.86049243
 -1.60692518 -1.45728534 -1.58330625 -1.7875487  -2.03217974 -2.22871097
 -2.46614663 -2.63304501]
halo_bins = [[10.387887131411066, 10.649586264491044], [10.649586264491044, 10.91146284869845], [10.91146284869845, 11.153380403421384], [11.153380403421384, 11.382635398620078], [11.382635398620078, 11.567985216224141], [11.567985216224141, 11.698340738842486], [11.698340738842486, 11.894441622224594], [11.894441622224594, 12.1505607391627], [12.1505607391627, 12.393550931121602], [12.393550931121602, 12.751677197238596], [12.751677197238596, 13.162859085298011], [13.162859085298011, 13.522827946210597], [13.522827946210597, 13.849897134636286], [13.849897134636286, 14.131299086763534]]
halo_mids = [10.51779347 10.78137906 11.04154664 11.26521417 11.50005663 11.63591381
 11.76076767 12.02811557 12.2730059  12.51409596 12.98925844 13.33645973
 13.70919616 13.99059811]
error = [0.07177935 0.09813791 0.1212464  0.12795643 0.1350017  0.13907741
 0.14282303 0.15168693 0.16638035 0.17957712 0.16532225 0.13471862
 0.10954019 0.09547009]

# Birrer et al. (2014) Red 
smhm = [-2.22203409 -1.86038535 -1.64416933 -1.49453798 -1.59081952 -1.7875487
 -2.03217974 -2.22871097 -2.46614663 -2.63304501]
halo_bins = [[11.44833528645327, 11.602656154691013], [11.602656154691013, 11.720258224777439], [11.720258224777439, 11.892543500280942], [11.892543500280942, 12.135884337863782], [12.135884337863782, 12.380738746820189], [12.380738746820189, 12.751677197238596], [12.751677197238596, 13.162859085298011], [13.162859085298011, 13.522827946210597], [13.522827946210597, 13.849897134636286], [13.849897134636286, 14.131299086763534]]
halo_mids = [11.52549572 11.67981659 11.76069986 12.02438714 12.24738154 12.51409596
 12.98925844 13.33645973 13.70919616 13.99059811]
error = [0.18974504 0.18820183 0.187393   0.18451226 0.18005237 0.17471808
 0.16521483 0.13471862 0.10954019 0.09547009]

# Birrer et al. (2014) Blue 
smhm = [-2.50945021 -2.08050613 -1.87166536 -1.60319063 -1.31950041]
halo_bins = [[11.138725793841601, 11.397313679989932], [11.397313679989932, 11.456034937801823], [11.511104470634775, 11.70016345738368], [11.70016345738368, 11.892740921058529], [11.892740921058529, 12.14935637415585]]
halo_mids = [11.26887271 11.52575465 11.63589372 11.76443319 12.02104865]
error = [0.12537745 0.12845472 0.12184638 0.11413401 0.09894757]

# Rodríguez-Puebla et al. (2012) 
smhm = [-2.36182991 -2.29421066 -2.22521308 -2.17233385 -2.0448248  -1.96986527
 -1.90224601 -1.85913401 -1.75049998 -1.69097017 -1.63554509 -1.59651799
 -1.50561126 -1.46832248 -1.43266169 -1.4105227  -1.37934481 -1.37200081
 -1.37999256 -1.39043151 -1.42462393 -1.46085755 -1.50204824 -1.53737123
 -1.62471421 -1.6800135 ]
halo_bins = [[10.809389202970845, 10.84558252965303], [10.84558252965303, 10.87951377341758], [10.87951377341758, 10.90665876842922], [10.90665876842922, 10.949638343864315], [10.949638343864315, 10.999404168052322], [10.999404168052322, 11.035597494734507], [11.035597494734507, 11.06726665558142], [11.06726665558142, 11.112508313934153], [11.112508313934153, 11.164536221039796], [11.164536221039796, 11.20751579647489], [11.20751579647489, 11.248233288992349], [11.248233288992349, 11.309309527768539], [11.309309527768539, 11.379434098215274], [11.379434098215274, 11.43598617115619], [11.43598617115619, 11.49027616117947], [11.49027616117947, 11.576235312049661], [11.576235312049661, 11.680291126260945], [11.680291126260945, 11.77077444296641], [11.77077444296641, 11.84542317924842], [11.84542317924842, 11.944954827624432], [11.944954827624432, 12.067107305176808], [12.067107305176808, 12.16663895355282], [12.16663895355282, 12.252598104423011], [12.252598104423011, 12.37475058197539], [12.37475058197539, 12.510475557033587], [12.510475557033587, 12.6100072054096]]
halo_mids = [10.82748587 10.86367919 10.89534835 10.91796918 10.9813075  11.01750083
 11.05369416 11.08083915 11.14417747 11.18489497 11.23013663 11.26632995
 11.3522891  11.40657909 11.46539325 11.51515907 11.63731155 11.7232707
 11.81827818 11.87256817 12.01734148 12.11687313 12.21640478 12.28879143
 12.46070973 12.56024138]
error = [0.24804178 0.24804178 0.24804178 0.24804178 0.24804178 0.24804178
 0.24804178 0.24804178 0.24804178 0.24804178 0.24804178 0.24804178
 0.24804178 0.24804178 0.24804178 0.24804178 0.24804178 0.24804178
 0.24804178 0.24804178 0.24804178 0.24804178 0.24804178 0.24804178
 0.24804178 0.24804178]
